on
+8257,-4903,+610,-1656,+610,-610,+610,-610,+610,-1656,+610,-610,+610,-1656,+610,-610,+610,-610,+610,-610,+610,-1656,+610,-610,+610,-1656,+610,-610,+610,-610,+610,-610,+610,-610,+610,-610,+610,-610,+610,-610,+610,-610,+610,-610,+610,-1656,+610,-1656,+610,-610,+610,-610,+610,-610,+610,-610,+610,-610,+610,-1656,+610,-610,+610,-1656,+610,-610,+610,-610,+610,-1656,+610,-610,+610,-24136,+610,-610,+610,-610,+610,-610,+610,-610,+610,-610,+610,-610,+610,-610,+610,-610,+610,-610,+610,-610,+610,-610,+610,-610,+610,-610,+610,-1656,+610,-610,+610,-610,+610,-610,+610,-610,+610,-610,+610,-610,+610,-610,+610,-610,+610,-610,+610,-610,+610,-610,+610,-610,+610,-610,+610,-610,+610,-1656,+610,-1656,+610,-1656,+610,-1656,+131826,-303860

swing on
+9026,-4466,+606,-1648,+606,-606,+606,-606,+606,-1648,+606,-606,+606,-1648,+606,-1648,+606,-606,+606,-606,+606,-1648,+606,-606,+606,-1648,+606,-606,+694,-606,+694,-606,+694,-606,+606,-606,+606,-606,+606,-606,+606,-606,+606,-606,+606,-1648,+606,-1648,+606,-606,+606,-606,+606,-606,+606,-606,+606,-606,+606,-1648,+606,-606,+606,-1648,+606,-606,+606,-606,+606,-1648,+606,-606,+606,-19994,+606,-1648,+694,-606,+606,-606,+606,-606,+606,-1648,+606,-606,+606,-606,+606,-606,+606,-606,+606,-606,+606,-606,+606,-606,+606,-606,+606,-1648,+606,-606,+606,-606,+606,-606,+606,-606,+606,-606,+606,-606,+606,-606,+606,-606,+606,-606,+606,-606,+606,-606,+606,-606,+606,-606,+606,-606,+606,-606,+606,-606,+606,-606,+694,-606,+125775,-3895105

swing off
+9025,-4467,+611,-1707,+611,-611,+611,-611,+611,-1707,+611,-611,+611,-1707,+611,-611,+611,-611,+611,-611,+611,-1707,+611,-611,+611,-1707,+611,-611,+611,-611,+611,-611,+611,-611,+611,-611,+611,-611,+611,-611,+611,-611,+611,-611,+611,-1707,+611,-1707,+611,-611,+611,-611,+611,-611,+611,-611,+611,-611,+611,-1707,+611,-611,+611,-1707,+611,-611,+611,-611,+611,-1707,+611,-611,+611,-25379,+611,-611,+611,-611,+611,-611,+611,-611,+611,-611,+611,-611,+611,-611,+611,-611,+611,-611,+611,-447,+611,-611,+611,-611,+611,-611,+611,-1707,+611,-611,+611,-611,+611,-611,+611,-611,+611,-611,+611,-611,+611,-611,+611,-611,+611,-611,+611,-611,+611,-611,+611,-611,+611,-611,+611,-611,+611,-1707,+611,-1707,+611,-1707,+611,-1707,+128236,-291275

off
+9014,-4473,+662,-1641,+662,-541,+662,-541,+662,-541,+662,-541,+662,-1641,+662,-541,+662,-541,+662,-541,+662,-1641,+662,-541,+662,-1641,+662,-541,+662,-541,+662,-541,+662,-541,+662,-541,+662,-541,+662,-541,+662,-541,+662,-541,+662,-1641,+662,-541,+662,-541,+662,-541,+662,-541,+662,-541,+662,-541,+662,-1641,+662,-541,+662,-1641,+662,-541,+662,-541,+662,-1641,+662,-541,+662,-22356,+662,-541,+662,-541,+662,-541,+662,-541,+662,-541,+662,-541,+662,-541,+662,-541,+662,-541,+662,-541,+662,-541,+662,-541,+662,-541,+662,-1641,+662,-541,+662,-541,+662,-541,+662,-541,+662,-541,+662,-541,+662,-541,+662,-541,+662,-541,+662,-541,+662,-541,+662,-541,+662,-541,+662,-541,+662,-1641,+662,-1641,+662,-1641,+662,-541,+126599,-304274

on
+9031,-4785,+610,-1648,+610,-610,+610,-610,+610,-1648,+610,-610,+610,-1648,+610,-610,+610,-610,+610,-610,+610,-1648,+610,-610,+610,-1648,+610,-610,+610,-610,+610,-610,+610,-610,+610,-610,+610,-610,+610,-610,+610,-610,+610,-610,+610,-1648,+610,-1648,+610,-610,+610,-610,+610,-610,+610,-610,+610,-610,+610,-1648,+610,-610,+610,-1648,+610,-610,+610,-610,+610,-1648,+610,-610,+610,-26008,+610,-610,+610,-610,+610,-610,+610,-610,+610,-610,+610,-610,+610,-610,+610,-610,+610,-610,+610,-610,+610,-610,+610,-610,+610,-610,+610,-1648,+610,-610,+610,-610,+610,-610,+610,-610,+610,-610,+610,-610,+610,-610,+610,-610,+610,-610,+610,-610,+610,-610,+610,-610,+610,-610,+610,-610,+610,-1648,+610,-1648,+610,-1648,+610,-1648,+130140,-294141

swing on
+8995,-4465,+607,-1637,+607,-607,+607,-607,+607,-1637,+607,-607,+607,-1637,+607,-607,+607,-607,+607,-607,+607,-1637,+607,-607,+607,-1637,+607,-607,+607,-607,+607,-607,+607,-607,+607,-607,+607,-607,+607,-607,+607,-607,+607,-607,+607,-1637,+607,-1637,+607,-607,+607,-607,+607,-607,+607,-607,+607,-607,+607,-1637,+607,-607,+607,-1637,+607,-607,+607,-607,+607,-1637,+607,-607,+607,-25522,+607,-607,+607,-607,+607,-607,+607,-607,+607,-607,+607,-607,+607,-607,+607,-607,+607,-607,+607,-607,+607,-607,+607,-607,+607,-607,+607,-1637,+607,-607,+607,-607,+607,-607,+607,-607,+607,-607,+607,-607,+607,-607,+607,-607,+607,-607,+607,-607,+607,-607,+607,-607,+607,-607,+607,-607,+747,-1637,+607,-1637,+607,-1637,+607,-1637,+131043,-296763

swing off
+8995,-4465,+607,-1637,+607,-607,+607,-607,+607,-607,+607,-607,+607,-1637,+607,-607,+607,-607,+607,-607,+607,-1637,+607,-607,+607,-1637,+607,-607,+607,-607,+607,-607,+607,-607,+607,-607,+607,-607,+607,-607,+607,-607,+607,-607,+607,-1637,+607,-607,+607,-607,+607,-607,+607,-607,+607,-607,+607,-607,+607,-1637,+607,-607,+607,-1637,+607,-607,+607,-607,+607,-1637,+607,-607,+607,-25522,+607,-607,+607,-607,+607,-607,+607,-607,+607,-607,+607,-607,+607,-607,+607,-607,+607,-607,+607,-607,+607,-607,+607,-607,+607,-607,+607,-1637,+607,-607,+607,-607,+607,-607,+607,-607,+607,-607,+607,-607,+607,-607,+607,-607,+607,-607,+607,-607,+607,-607,+607,-607,+607,-607,+607,-607,+607,-1637,+607,-1637,+607,-1637,+607,-607,+131043,-296763

off
+8981,-4479,+610,-1651,+610,-610,+610,-610,+610,-1651,+610,-610,+610,-1651,+610,-610,+610,-610,+610,-610,+610,-1651,+610,-610,+610,-1651,+610,-610,+610,-610,+610,-610,+610,-610,+610,-610,+610,-610,+610,-610,+610,-610,+610,-610,+610,-1651,+610,-1651,+610,-610,+610,-610,+610,-610,+610,-610,+610,-610,+610,-1651,+610,-610,+610,-1651,+610,-610,+610,-610,+610,-1651,+610,-610,+610,-19989,+610,-610,+610,-610,+610,-610,+610,-610,+610,-610,+610,-610,+610,-610,+610,-610,+610,-610,+610,-610,+610,-610,+610,-610,+610,-610,+610,-1651,+610,-610,+610,-610,+610,-610,+610,-610,+610,-610,+610,-610,+610,-610,+610,-610,+610,-610,+610,-610,+610,-610,+610,-610,+610,-610,+610,-610,+610,-1651,+610,-1651,+610,-1651,+610,-1651,+127794,-2057147

on
+9001,-4466,+609,-1645,+609,-609,+609,-609,+609,-609,+609,-609,+609,-1645,+609,-609,+609,-609,+609,-609,+609,-1645,+609,-609,+609,-1645,+609,-609,+609,-609,+609,-609,+609,-609,+609,-609,+609,-609,+609,-609,+609,-609,+609,-609,+609,-1645,+609,-609,+609,-609,+609,-609,+609,-609,+609,-609,+609,-609,+609,-1645,+609,-609,+609,-1645,+609,-609,+609,-609,+609,-1645,+609,-609,+609,-25227,+609,-609,+609,-609,+609,-609,+609,-609,+609,-609,+609,-609,+609,-609,+609,-609,+609,-609,+609,-609,+609,-609,+609,-609,+609,-609,+609,-1645,+609,-609,+609,-609,+609,-609,+609,-609,+609,-609,+609,-609,+609,-609,+609,-609,+609,-609,+609,-609,+609,-609,+609,-609,+609,-609,+609,-609,+609,-1645,+609,-1645,+609,-1645,+609,-609,+131575,-497696

swing on
+8992,-4471,+610,-1648,+610,-610,+610,-610,+610,-1648,+610,-610,+610,-1648,+610,-610,+610,-610,+610,-610,+610,-1648,+610,-610,+610,-1648,+610,-610,+610,-610,+610,-610,+610,-610,+610,-610,+610,-610,+610,-610,+610,-610,+610,-610,+610,-1648,+610,-1648,+610,-610,+610,-610,+610,-610,+610,-610,+610,-610,+610,-1648,+610,-610,+610,-1648,+610,-610,+610,-610,+610,-1648,+610,-610,+610,-18778,+610,-610,+610,-610,+610,-610,+610,-610,+610,-610,+610,-610,+610,-610,+610,-610,+610,-610,+610,-610,+610,-610,+610,-610,+610,-610,+610,-1648,+610,-610,+610,-610,+610,-610,+610,-610,+610,-610,+610,-610,+610,-610,+610,-610,+610,-610,+610,-610,+610,-610,+610,-610,+610,-610,+610,-610,+610,-1648,+610,-1648,+610,-1648,+610,-1648,+610,-18778,+131804,-2041749

swing off
+7805,-4480,+610,-1647,+610,-610,+610,-610,+610,-1647,+610,-610,+610,-1647,+610,-1647,+610,-610,+610,-610,+610,-1647,+610,-610,+610,-1647,+610,-610,+610,-610,+610,-610,+610,-610,+610,-610,+610,-610,+610,-610,+610,-610,+610,-610,+610,-1647,+610,-1647,+610,-610,+610,-610,+610,-610,+610,-610,+610,-610,+610,-1647,+610,-610,+610,-1647,+610,-610,+610,-610,+610,-1647,+610,-610,+610,-7805,+70,-13276,+610,-1647,+610,-610,+610,-610,+610,-610,+610,-1647,+610,-610,+610,-610,+610,-610,+610,-610,+610,-610,+610,-610,+610,-610,+610,-610,+610,-1647,+610,-610,+610,-610,+610,-610,+610,-610,+610,-610,+610,-610,+610,-610,+610,-610,+610,-610,+610,-610,+610,-610,+610,-610,+610,-610,+610,-610,+610,-610,+610,-610,+610,-610,+610,-610,+129024,-1768294

off
+8984,-4465,+610,-1643,+610,-610,+610,-610,+610,-1643,+610,-610,+610,-1643,+610,-610,+610,-610,+610,-610,+610,-1643,+610,-610,+610,-1643,+610,-610,+610,-610,+610,-610,+610,-610,+610,-610,+610,-610,+610,-610,+610,-610,+610,-610,+610,-1643,+610,-1643,+610,-610,+610,-610,+610,-610,+610,-610,+610,-610,+610,-1643,+610,-610,+610,-1643,+610,-610,+610,-610,+610,-1643,+610,-610,+610,-25484,+610,-610,+610,-610,+610,-610,+610,-610,+610,-610,+610,-610,+610,-610,+610,-610,+610,-610,+610,-610,+610,-610,+610,-610,+610,-610,+610,-1643,+610,-610,+610,-610,+610,-610,+610,-610,+610,-610,+610,-610,+610,-610,+610,-610,+610,-610,+610,-610,+610,-610,+610,-610,+610,-610,+610,-610,+610,-1643,+610,-1643,+610,-1643,+610,-1643,+129195,-317569

unsure
+9013,-4467,+609,-1692,+609,-609,+609,-609,+609,-609,+609,-609,+609,-1692,+609,-609,+609,-609,+609,-609,+609,-1692,+609,-609,+609,-1692,+609,-609,+609,-609,+609,-609,+609,-609,+609,-609,+609,-609,+609,-609,+609,-609,+609,-609,+609,-1692,+609,-609,+609,-609,+609,-609,+609,-609,+609,-609,+609,-609,+609,-1692,+609,-609,+609,-1692,+609,-609,+609,-609,+609,-1692,+609,-609,+609,-21473,+609,-609,+609,-609,+609,-609,+609,-609,+609,-609,+609,-609,+609,-609,+609,-609,+609,-609,+609,-609,+609,-609,+609,-609,+609,-609,+609,-1692,+609,-609,+609,-609,+609,-609,+609,-609,+609,-609,+609,-609,+609,-609,+609,-609,+609,-609,+609,-609,+609,-609,+609,-609,+609,-609,+609,-609,+609,-1692,+609,-1692,+609,-1692,+609,-609,+131392,-298100

on

off

on

off