Turn on
+8989,-4474,+607,-1648,+607,-607,+607,-607,+607,-607,+607,-607,+607,-1648,+607,-607,+607,-607,+607,-607,+607,-1648,+607,-607,+607,-1648,+607,-607,+607,-607,+607,-607,+607,-607,+607,-607,+607,-607,+607,-607,+607,-607,+607,-607,+607,-1648,+607,-607,+607,-607,+607,-607,+607,-607,+607,-607,+607,-607,+607,-1648,+607,-607,+607,-1648,+607,-607,+607,-607,+607,-1648,+607,-607,+607,-20027,+607,-607,+607,-607,+607,-607,+607,-607,+607,-607,+607,-607,+607,-607,+607,-607,+607,-607,+607,-607,+607,-607,+607,-607,+607,-607,+607,-1648,+607,-607,+607,-607,+607,-607,+607,-607,+607,-607,+607,-607,+607,-607,+607,-607,+607,-607,+607,-607,+607,-607,+607,-607,+607,-607,+607,-607,+607,-1648,+607,-1648,+607,-1648,+607,-607,+133346,-7362662

Turn off
+9012,-4473,+609,-1649,+609,-609,+609,-609,+609,-1649,+609,-609,+609,-1649,+609,-609,+609,-609,+609,-609,+609,-1649,+609,-609,+609,-1649,+609,-609,+609,-609,+609,-609,+609,-609,+609,-609,+609,-609,+609,-609,+609,-609,+609,-609,+609,-1649,+609,-1649,+609,-609,+609,-609,+609,-609,+609,-609,+609,-609,+609,-1649,+609,-609,+609,-1649,+609,-609,+609,-609,+609,-1649,+609,-609,+609,-19994,+609,-609,+609,-609,+609,-609,+609,-609,+609,-609,+609,-609,+609,-609,+609,-609,+609,-609,+609,-609,+609,-609,+609,-609,+609,-609,+609,-1649,+609,-609,+609,-609,+609,-609,+609,-609,+609,-609,+609,-609,+609,-609,+609,-609,+609,-609,+609,-609,+609,-609,+609,-609,+609,-609,+609,-609,+609,-1649,+609,-1649,+609,-1649,+609,-1649,+129870,-1179223

Turn on - cool, 26, fan2
+8985,-4472,+607,-1653,+607,-607,+607,-607,+607,-607,+607,-607,+607,-1653,+607,-607,+607,-607,+607,-607,+607,-1653,+607,-607,+607,-1653,+607,-607,+607,-607,+607,-607,+607,-607,+607,-607,+607,-607,+607,-607,+607,-607,+607,-607,+607,-1653,+607,-607,+607,-607,+607,-607,+607,-607,+607,-607,+607,-607,+607,-1653,+607,-607,+607,-1653,+607,-607,+607,-607,+607,-1653,+607,-607,+607,-19993,+607,-607,+607,-607,+607,-607,+607,-607,+607,-607,+607,-607,+607,-607,+607,-607,+607,-607,+607,-607,+607,-607,+607,-607,+607,-607,+607,-1653,+607,-607,+607,-607,+607,-607,+607,-607,+607,-607,+607,-607,+607,-607,+607,-607,+607,-607,+607,-607,+607,-607,+607,-607,+607,-607,+607,-607,+607,-1653,+607,-1653,+607,-1653,+607,-607,+133757,-1103079

unknown
+9010,-4472,+609,-1648,+609,-609,+609,-609,+609,-1648,+609,-609,+609,-1648,+609,-609,+609,-609,+609,-609,+609,-1648,+609,-609,+609,-1648,+609,-609,+609,-609,+609,-609,+609,-609,+609,-609,+609,-609,+609,-609,+609,-609,+609,-609,+609,-1648,+609,-1648,+609,-609,+609,-609,+609,-609,+609,-609,+609,-609,+609,-1648,+609,-609,+609,-1648,+609,-609,+609,-609,+609,-1648,+609,-609,+609,-19996,+609,-609,+609,-609,+609,-609,+609,-609,+609,-609,+609,-609,+609,-609,+609,-609,+609,-609,+609,-609,+609,-609,+609,-609,+609,-609,+609,-1648,+609,-609,+609,-609,+609,-609,+609,-609,+609,-609,+609,-609,+609,-609,+609,-609,+609,-609,+609,-609,+609,-609,+609,-609,+609,-609,+609,-609,+609,-1648,+609,-1648,+609,-1648,+609,-1648,+129097,-4618438

Mode: Dry
+9024,-4472,+609,-609,+609,-1649,+609,-609,+609,-1649,+609,-1649,+609,-609,+609,-609,+609,-609,+609,-1649,+609,-609,+609,-609,+609,-1649,+609,-609,+609,-609,+609,-609,+609,-609,+609,-609,+609,-609,+609,-609,+609,-609,+609,-609,+609,-1649,+609,-1649,+609,-609,+609,-609,+609,-609,+609,-609,+609,-609,+609,-1649,+609,-609,+609,-1649,+609,-609,+609,-609,+609,-1649,+609,-609,+609,-20007,+609,-609,+609,-609,+609,-609,+609,-609,+609,-609,+609,-609,+609,-609,+609,-609,+609,-609,+609,-609,+609,-609,+609,-609,+609,-609,+609,-1649,+609,-609,+609,-609,+609,-609,+609,-609,+609,-609,+609,-609,+609,-609,+609,-609,+609,-609,+609,-609,+609,-609,+609,-609,+609,-609,+609,-609,+609,-1649,+609,-1649,+609,-1649,+609,-1649,+128634,-16777215

Mode: Fan
+9012,-4469,+607,-1650,+607,-1650,+607,-607,+607,-1650,+607,-1650,+607,-1650,+607,-607,+607,-607,+607,-607,+607,-607,+607,-607,+607,-1650,+607,-607,+607,-607,+607,-607,+607,-607,+607,-607,+687,-607,+607,-607,+607,-607,+607,-607,+607,-1650,+607,-1650,+607,-607,+607,-607,+607,-607,+607,-607,+607,-607,+607,-1650,+607,-607,+607,-1650,+607,-607,+607,-607,+607,-1650,+687,-607,+607,-19992,+607,-607,+607,-607,+607,-607,+607,-607,+607,-607,+607,-607,+607,-607,+607,-607,+607,-607,+607,-607,+607,-607,+607,-607,+607,-607,+607,-1650,+607,-607,+607,-607,+607,-607,+607,-607,+607,-607,+607,-607,+607,-607,+607,-607,+607,-607,+607,-607,+607,-607,+687,-607,+607,-607,+687,-607,+607,-1650,+607,-1650,+607,-1650,+607,-1650,+134270,-4813611

Mode: heat
+9015,-4467,+609,-609,+609,-609,+609,-1646,+609,-1646,+609,-609,+609,-1646,+609,-609,+609,-609,+609,-1646,+609,-609,+609,-1646,+609,-1646,+609,-609,+609,-609,+609,-609,+609,-609,+609,-609,+609,-609,+609,-609,+609,-609,+609,-609,+609,-1646,+609,-1646,+609,-609,+609,-609,+609,-609,+609,-609,+609,-609,+609,-1646,+609,-609,+609,-1646,+609,-609,+609,-609,+609,-1646,+609,-609,+609,-19995,+609,-609,+609,-609,+609,-609,+609,-609,+609,-609,+609,-609,+609,-609,+609,-609,+609,-609,+609,-609,+609,-609,+609,-609,+609,-609,+609,-1646,+609,-609,+609,-609,+609,-609,+609,-609,+609,-609,+609,-609,+609,-609,+609,-609,+609,-609,+609,-609,+609,-609,+609,-609,+609,-609,+609,-609,+609,-1646,+609,-609,+609,-1646,+609,-609,+134543,-2573885

Mode: auto
+8981,-4480,+608,-608,+608,-608,+608,-608,+608,-1647,+608,-608,+608,-608,+608,-608,+608,-608,+608,-1647,+608,-608,+608,-608,+608,-1647,+608,-608,+608,-608,+608,-608,+608,-608,+608,-608,+608,-608,+608,-608,+608,-608,+608,-608,+608,-1647,+608,-1647,+608,-608,+608,-608,+608,-608,+608,-608,+608,-608,+608,-1647,+608,-608,+608,-1647,+608,-608,+608,-608,+608,-1647,+608,-608,+608,-23024,+608,-608,+608,-608,+608,-608,+608,-608,+608,-608,+608,-608,+608,-608,+608,-608,+608,-608,+608,-608,+608,-608,+608,-608,+608,-608,+608,-1647,+608,-608,+608,-608,+608,-608,+608,-608,+608,-608,+608,-608,+608,-608,+608,-608,+608,-608,+608,-608,+608,-608,+608,-608,+608,-608,+608,-608,+608,-1647,+608,-608,+608,-1647,+608,-1647,+135044,-1935002

Mode: cool
+8984,-4479,+609,-1648,+609,-609,+609,-609,+609,-1648,+609,-609,+609,-1648,+609,-609,+609,-609,+609,-609,+609,-1648,+609,-609,+609,-1648,+609,-609,+609,-609,+609,-609,+609,-609,+609,-609,+609,-609,+609,-609,+609,-609,+609,-609,+609,-1648,+609,-1648,+609,-609,+609,-609,+609,-609,+609,-609,+609,-609,+609,-1648,+609,-609,+609,-1648,+609,-609,+609,-609,+609,-1648,+609,-609,+609,-19986,+609,-609,+609,-609,+609,-609,+609,-609,+609,-609,+609,-609,+609,-609,+609,-609,+609,-609,+609,-609,+609,-609,+609,-609,+609,-609,+609,-1648,+609,-609,+609,-609,+609,-609,+609,-609,+609,-609,+609,-609,+609,-609,+609,-609,+609,-609,+609,-609,+609,-609,+609,-609,+609,-609,+609,-609,+609,-1648,+609,-1648,+609,-1648,+609,-1648,+127745,-1457066

Temp neg (result 25)
+8996,-4469,+608,-1650,+608,-608,+608,-608,+608,-1650,+608,-608,+608,-1650,+608,-608,+608,-608,+608,-1650,+608,-608,+608,-608,+608,-1650,+608,-608,+608,-608,+608,-608,+608,-608,+608,-608,+608,-608,+608,-608,+608,-608,+608,-608,+608,-1650,+608,-1650,+608,-608,+608,-608,+608,-608,+608,-608,+608,-608,+608,-1650,+608,-608,+608,-1650,+608,-608,+608,-608,+608,-1650,+608,-608,+608,-19991,+608,-608,+608,-608,+608,-608,+608,-608,+608,-608,+608,-608,+608,-608,+608,-608,+608,-608,+608,-608,+608,-608,+608,-608,+608,-608,+608,-1650,+608,-608,+608,-608,+608,-608,+608,-608,+608,-608,+608,-608,+608,-608,+608,-608,+608,-608,+608,-608,+608,-608,+608,-608,+608,-608,+608,-608,+608,-608,+608,-1650,+608,-1650,+608,-1650,+135253,-985366

Temp neg (result 24)
+8986,-4479,+608,-1649,+608,-608,+608,-608,+608,-1649,+608,-608,+608,-1649,+608,-608,+608,-608,+608,-608,+608,-608,+608,-608,+608,-1649,+608,-608,+608,-608,+608,-608,+608,-608,+608,-608,+608,-608,+608,-608,+608,-608,+608,-608,+608,-1649,+608,-1649,+608,-608,+608,-608,+608,-608,+608,-608,+608,-608,+608,-1649,+608,-608,+608,-1649,+608,-608,+608,-608,+608,-1649,+608,-608,+608,-19990,+608,-608,+608,-608,+608,-608,+608,-608,+608,-608,+608,-608,+608,-608,+608,-608,+608,-608,+608,-608,+608,-608,+608,-608,+608,-608,+608,-1649,+608,-608,+608,-608,+608,-608,+608,-608,+608,-608,+608,-608,+608,-608,+608,-608,+608,-608,+608,-608,+608,-608,+608,-608,+608,-608,+608,-608,+608,-1649,+608,-608,+608,-1649,+608,-1649,+132586,-1261930

Temp pos (result 25)
+9006,-4480,+609,-1647,+609,-609,+609,-609,+609,-1647,+609,-609,+609,-1647,+609,-609,+609,-609,+609,-1647,+609,-609,+609,-609,+609,-1647,+609,-609,+609,-609,+609,-609,+609,-609,+609,-609,+609,-609,+609,-609,+609,-609,+609,-609,+609,-1647,+609,-1647,+609,-609,+609,-609,+609,-609,+609,-609,+609,-609,+609,-1647,+609,-609,+609,-1647,+609,-609,+609,-609,+609,-1647,+609,-609,+609,-19991,+609,-609,+609,-609,+609,-609,+609,-609,+609,-609,+609,-609,+609,-609,+609,-609,+609,-609,+609,-609,+609,-609,+609,-609,+609,-609,+609,-1647,+609,-609,+609,-609,+609,-609,+609,-609,+609,-609,+609,-609,+609,-609,+609,-609,+609,-609,+609,-609,+609,-609,+609,-609,+609,-609,+609,-609,+609,-609,+609,-1647,+609,-1647,+609,-1647,+130759,-1030042

Temp pos (result 26)
+9019,-4463,+609,-1649,+609,-609,+609,-609,+609,-1649,+609,-609,+609,-1649,+609,-609,+609,-609,+609,-609,+609,-1649,+609,-609,+609,-1649,+609,-609,+609,-609,+609,-609,+609,-609,+609,-609,+609,-609,+609,-609,+609,-609,+609,-609,+609,-1649,+609,-1649,+609,-609,+609,-609,+609,-609,+609,-609,+609,-609,+609,-1649,+609,-609,+609,-1649,+609,-609,+609,-609,+609,-1649,+609,-609,+609,-19986,+609,-609,+609,-609,+609,-609,+609,-609,+609,-609,+609,-609,+609,-609,+609,-609,+609,-609,+609,-609,+609,-609,+609,-609,+609,-609,+609,-1649,+609,-609,+609,-609,+609,-609,+609,-609,+609,-609,+609,-609,+609,-609,+609,-609,+609,-609,+609,-609,+609,-609,+609,-609,+609,-609,+609,-609,+609,-1649,+609,-1649,+609,-1649,+609,-1649,+126230,-16215604

Swing on
+9013,-4469,+608,-1650,+608,-608,+608,-608,+608,-1650,+608,-608,+608,-1650,+608,-1650,+608,-608,+608,-608,+608,-1650,+608,-608,+608,-1650,+608,-608,+608,-608,+608,-608,+608,-608,+608,-608,+608,-608,+608,-608,+608,-608,+608,-608,+608,-1650,+608,-1650,+608,-608,+608,-608,+608,-608,+608,-608,+608,-608,+608,-1650,+608,-608,+608,-1650,+608,-608,+608,-608,+608,-1650,+608,-608,+608,-19994,+608,-1650,+608,-608,+608,-608,+608,-608,+608,-1650,+608,-608,+608,-608,+608,-608,+608,-608,+608,-608,+608,-608,+608,-608,+608,-608,+608,-1650,+608,-608,+608,-608,+608,-608,+608,-608,+608,-608,+608,-608,+608,-608,+608,-608,+608,-608,+608,-608,+608,-608,+608,-608,+608,-608,+608,-608,+608,-608,+608,-608,+608,-608,+608,-608,+126485,-1855835

Swing off
+8991,-4468,+608,-1649,+608,-608,+608,-608,+608,-1649,+608,-608,+608,-1649,+608,-608,+608,-608,+608,-608,+608,-1649,+608,-608,+608,-1649,+608,-608,+608,-608,+608,-608,+608,-608,+608,-608,+608,-608,+608,-608,+608,-608,+608,-608,+608,-1649,+608,-1649,+608,-608,+608,-608,+608,-608,+608,-608,+608,-608,+608,-1649,+608,-608,+608,-1649,+608,-608,+608,-608,+608,-1649,+608,-608,+608,-19990,+608,-608,+608,-608,+608,-608,+729,-608,+608,-608,+608,-608,+608,-608,+608,-608,+608,-608,+608,-608,+608,-608,+608,-608,+608,-608,+608,-1649,+608,-608,+608,-608,+608,-608,+608,-608,+608,-608,+608,-608,+608,-608,+608,-608,+608,-608,+608,-608,+608,-608,+608,-608,+608,-608,+608,-608,+608,-1649,+608,-1649,+608,-1649,+608,-1649,+134810,-13274142

Fan 3
+9004,-4482,+609,-1650,+609,-609,+609,-609,+609,-1650,+609,-1650,+609,-1650,+609,-609,+609,-609,+609,-609,+609,-1650,+609,-609,+609,-1650,+609,-609,+609,-609,+609,-609,+609,-609,+609,-609,+609,-609,+609,-609,+609,-609,+609,-609,+609,-1650,+609,-1650,+609,-609,+609,-609,+609,-609,+609,-609,+609,-609,+609,-1650,+609,-609,+609,-1650,+609,-609,+609,-609,+609,-1650,+609,-609,+609,-19984,+609,-609,+609,-609,+609,-609,+609,-609,+609,-609,+609,-609,+609,-609,+609,-609,+609,-609,+609,-609,+609,-609,+609,-609,+609,-609,+609,-1650,+609,-609,+609,-609,+609,-609,+609,-609,+609,-609,+609,-609,+609,-609,+609,-609,+609,-609,+609,-609,+609,-609,+609,-609,+609,-609,+609,-609,+609,-1650,+609,-1650,+609,-1650,+609,-1650,+126682,-16777215

Fan 4
+8988,-4468,+610,-1650,+610,-610,+610,-610,+610,-1650,+610,-1650,+610,-1650,+610,-610,+610,-610,+610,-610,+610,-1650,+610,-610,+610,-1650,+610,-610,+610,-610,+610,-610,+610,-610,+610,-610,+610,-610,+610,-610,+610,-610,+610,-1650,+610,-1650,+610,-1650,+610,-610,+610,-610,+610,-610,+610,-610,+610,-610,+610,-1650,+610,-610,+610,-1650,+610,-610,+610,-610,+610,-1650,+610,-610,+610,-19992,+610,-610,+610,-610,+610,-610,+610,-610,+610,-610,+610,-610,+610,-610,+610,-610,+610,-610,+610,-610,+610,-610,+610,-610,+610,-610,+610,-1650,+610,-610,+610,-610,+610,-610,+610,-610,+610,-610,+610,-610,+610,-610,+610,-610,+610,-610,+610,-610,+610,-610,+610,-610,+610,-610,+610,-610,+610,-1650,+610,-1650,+610,-1650,+610,-1650,+133894,-2213246

Fan auto
+9008,-4466,+608,-1650,+608,-608,+608,-608,+608,-1650,+608,-608,+608,-608,+608,-608,+608,-608,+608,-608,+608,-1650,+608,-608,+608,-1650,+608,-608,+608,-608,+608,-608,+608,-608,+608,-608,+608,-608,+608,-608,+608,-608,+608,-608,+608,-1650,+608,-1650,+608,-608,+608,-608,+608,-608,+608,-608,+608,-608,+608,-1650,+608,-608,+608,-1650,+608,-608,+608,-608,+608,-1650,+608,-608,+608,-19988,+608,-608,+608,-608,+608,-608,+608,-608,+608,-608,+608,-608,+608,-608,+608,-608,+608,-608,+608,-608,+608,-608,+608,-608,+608,-608,+608,-1650,+608,-608,+608,-608,+608,-608,+608,-608,+608,-608,+608,-608,+608,-608,+608,-608,+608,-608,+608,-608,+608,-608,+608,-608,+608,-608,+608,-608,+608,-1650,+608,-1650,+608,-1650,+608,-1650,+127495,-1166755

Fan 1
+8994,-4472,+609,-1648,+609,-609,+609,-609,+609,-1648,+609,-1648,+609,-609,+609,-609,+609,-609,+609,-609,+609,-1648,+609,-609,+609,-1648,+609,-609,+609,-609,+609,-609,+609,-609,+609,-609,+609,-609,+609,-609,+609,-609,+609,-609,+609,-1648,+609,-1648,+609,-609,+609,-609,+609,-609,+609,-609,+609,-609,+609,-1648,+609,-609,+609,-1648,+609,-609,+609,-609,+609,-1648,+609,-609,+609,-19992,+609,-609,+609,-609,+609,-609,+609,-609,+609,-609,+609,-609,+609,-609,+609,-609,+609,-609,+609,-609,+609,-609,+609,-609,+609,-609,+609,-1648,+609,-609,+609,-609,+609,-609,+609,-609,+609,-609,+609,-609,+609,-609,+609,-609,+609,-609,+609,-609,+609,-609,+609,-609,+609,-609,+609,-609,+609,-1648,+609,-1648,+609,-1648,+609,-1648,+129391,-548739

Fan 2
+8971,-4467,+609,-1648,+609,-609,+609,-609,+609,-1648,+609,-609,+609,-1648,+609,-609,+609,-609,+609,-609,+609,-1648,+609,-609,+609,-1648,+609,-609,+609,-609,+609,-609,+609,-609,+609,-609,+609,-609,+609,-609,+609,-609,+609,-609,+609,-1648,+609,-1648,+609,-609,+609,-609,+609,-609,+609,-609,+609,-609,+609,-1648,+609,-609,+609,-1648,+609,-609,+609,-609,+609,-1648,+609,-609,+609,-19985,+609,-609,+609,-609,+609,-609,+609,-609,+609,-609,+609,-609,+609,-609,+609,-609,+609,-609,+609,-609,+609,-609,+609,-609,+609,-609,+609,-1648,+609,-609,+609,-609,+609,-609,+609,-609,+609,-609,+609,-609,+609,-609,+609,-609,+609,-609,+609,-609,+609,-609,+609,-609,+609,-609,+609,-609,+609,-1648,+609,-1648,+609,-1648,+609,-1648,+127461,-5426767

Turn off
+8969,-4469,+606,-1649,+606,-606,+606,-606,+606,-606,+606,-606,+606,-1649,+606,-606,+606,-606,+606,-606,+606,-1649,+606,-606,+606,-1649,+606,-606,+606,-606,+606,-606,+606,-606,+606,-606,+606,-606,+606,-606,+606,-606,+606,-606,+606,-1649,+606,-606,+606,-606,+606,-606,+606,-606,+606,-606,+606,-606,+606,-1649,+606,-606,+606,-1649,+606,-606,+606,-606,+606,-1649,+606,-606,+606,-19998,+606,-606,+710,-606,+606,-606,+606,-606,+606,-606,+606,-606,+606,-606,+606,-606,+606,-606,+606,-606,+606,-606,+606,-606,+606,-606,+606,-1649,+606,-606,+606,-606,+606,-606,+606,-606,+606,-606,+606,-606,+606,-606,+606,-606,+606,-606,+606,-606,+606,-606,+606,-606,+606,-606,+606,-606,+606,-1649,+606,-1649,+606,-1649,+606,-606,+125776,-4685582